m = [1:5; 1:5; 1:5]m = [0:4; 0:4; 0:4]'